Trudy -> 102D7BD30E9B0849FFE4C64ED708E14FC74D5C6C35B9141626C7BD7C6871BC91,978B5B125DFC9137BC46EAB132699EE9BAC392B968578ABF
Server <- 102D7BD30E9B0849FFE4C64ED708E14FC74D5C6C35B9141626C7BD7C6871BC91,978B5B125DFC9137BC46EAB132699EE9BAC392B968578ABF
Server -> 978B5B125DFC9137BC46EAB132699EE9C7D9F05B24EBDC80,0579A315CBE8D3F283665972434A446E5C4D30B867E6A1C2
Trudy <- 978B5B125DFC9137BC46EAB132699EE9C7D9F05B24EBDC80,0579A315CBE8D3F283665972434A446E5C4D30B867E6A1C2
