Client -> I want to talk
Server <- I want to talk
Server -> 4BF81CDEFB55EE37F1EE9F9F733E1CAF5751AA4B1F3DFCEC
Client <- 4BF81CDEFB55EE37F1EE9F9F733E1CAF5751AA4B1F3DFCEC
Client -> -6864699411893965608,Alice/Bob,4BF81CDEFB55EE37F1EE9F9F733E1CAF5751AA4B1F3DFCEC
KDC <- -6864699411893965608,Alice/Bob,4BF81CDEFB55EE37F1EE9F9F733E1CAF5751AA4B1F3DFCEC
KDC -> EA9E6DA5508D10B227A04A25FB8E197B4EF90AEEA69294D486396A6ABCB36B6E0260F3B973781EF01025142FB6B6D5265034A1B50330A2A25BD368FA50396C7E80078D055E568CBA89016708C2108AFCA4AE682EAC6E7F5BBF6549FBBA55CEFC737D4A6DD6CF17FB85A15EDDBFB67CE9DEF8A680169BC2AD26D307646B2638909D2D8999878F6FCBF21BD00AA1453D2522C51880635522E77074EE77D71C189EBF371ECCFBBE3292
Client <- EA9E6DA5508D10B227A04A25FB8E197B4EF90AEEA69294D486396A6ABCB36B6E0260F3B973781EF01025142FB6B6D5265034A1B50330A2A25BD368FA50396C7E80078D055E568CBA89016708C2108AFCA4AE682EAC6E7F5BBF6549FBBA55CEFC737D4A6DD6CF17FB85A15EDDBFB67CE9DEF8A680169BC2AD26D307646B2638909D2D8999878F6FCBF21BD00AA1453D2522C51880635522E77074EE77D71C189EBF371ECCFBBE3292
Client -> 102D7BD30E9B0849FFE4C64ED708E14FC74D5C6C35B914168762238D3AFF67D32A857E93CB7996AAC0899E7EFC7646DD7C0CAD134801B528,84D94AD8F429BBB5FA86A1981B4D9821DDA868164D185C06
Server <- 102D7BD30E9B0849FFE4C64ED708E14FC74D5C6C35B914168762238D3AFF67D32A857E93CB7996AAC0899E7EFC7646DD7C0CAD134801B528,84D94AD8F429BBB5FA86A1981B4D9821DDA868164D185C06
Server -> 84D94AD8F429BBB5FA86A1981B4D98216DA750292495C0DF2A1B122660251DCFF0E31BC98894037923E0A1466BCD6671
Client <- 84D94AD8F429BBB5FA86A1981B4D98216DA750292495C0DF2A1B122660251DCFF0E31BC98894037923E0A1466BCD6671
Client -> EEFB317BF168A67EA4395FB048541A0EC4887FD86B39C936
Server <- EEFB317BF168A67EA4395FB048541A0EC4887FD86B39C936
